Xs Data:
[[ 4.21798749e-02 -1.94213293e-01]
 [ 5.02029953e-02  2.39963122e+00]
 [ 1.23687322e-01 -5.01306276e-01]
 [ 1.48519746e-01  2.71372318e+00]
 [-3.54595863e-01 -3.99211496e-01]
 [ 1.57358485e-01 -3.27051221e-01]
 [ 5.45613527e-02 -5.51996518e-01]
 [-5.65907699e-02  2.24266326e+00]
 [-2.01953191e-01  2.10546525e+00]
 [ 7.38067846e-01 -4.35930490e-01]
 [-3.87522960e-01 -2.18927441e-01]
 [-1.59156875e-01  3.61798889e-01]
 [ 4.78556885e-01  1.01383600e+00]
 [-2.65272900e-01 -6.75504699e-02]
 [ 5.15722907e-01  2.30610092e+00]
 [-3.56521505e-01  1.00316275e-01]
 [-1.11863525e-01  1.52159656e+00]
 [-1.03737477e-01  1.99010822e-01]
 [ 3.10831179e-02  2.01949847e+00]
 [-2.33433829e-01  2.08613622e-01]
 [-2.90160931e-01 -3.26677563e-01]
 [-1.51999392e-01  2.30725862e+00]
 [-9.86250512e-02  2.44841398e-01]
 [ 2.92603008e-01  1.80317216e+00]
 [ 3.84020084e-02 -2.81233471e-01]
 [-1.85926381e-01  1.64734954e-01]
 [-4.08622670e-01 -9.42273848e-02]
 [-4.46650117e-01 -2.15572960e-01]
 [ 8.49819290e-02  1.78036769e+00]
 [ 4.33405457e-01 -1.81742751e-01]
 [-5.80180058e-01 -2.19449283e-02]
 [ 4.18256226e-01  1.71524172e+00]
 [-2.13472799e-01  2.12568945e+00]
 [ 7.60596824e-01  1.30169614e-01]
 [-1.60535402e-01 -1.24072029e-01]
 [ 4.46373906e-01  1.97093105e+00]
 [-6.86159204e-01  2.45815009e+00]
 [-5.24202931e-02  1.71497561e+00]
 [-7.98856648e-02  2.41446967e+00]
 [ 2.98099446e-01  2.56737675e+00]
 [ 2.56626535e-02 -6.53974996e-01]
 [ 1.33677612e-01  3.26573624e-01]
 [ 2.88741165e-01  2.27098954e+00]
 [ 3.89779598e-01 -5.42978176e-01]
 [ 4.10971044e-01  2.16547075e+00]
 [ 4.56752325e-01  2.10596904e+00]
 [-2.73601373e-01  2.33276851e+00]
 [ 5.72772360e-02  1.95534420e+00]
 [ 3.86724520e-01  2.38194204e+00]
 [-5.08198720e-02 -4.02820986e-01]
 [ 7.58331019e-01 -4.35106246e-02]
 [ 2.36697001e-01  1.92008245e+00]
 [ 4.08320707e-01  1.56743014e+00]
 [ 1.04069513e-01  3.57611626e-01]
 [-1.89084313e-01  2.67143549e+00]
 [-4.25847252e-02  1.94922871e+00]
 [-2.14275403e-01  1.41587688e+00]
 [ 5.39371579e-01 -1.96461862e-01]
 [-1.58969906e-01  3.27688565e-02]
 [ 1.30783652e-01  2.16054994e+00]
 [-1.96280417e-01 -1.44712459e-01]
 [ 8.34411447e-02  2.07610361e+00]
 [-2.51479934e-01 -1.93273453e-01]
 [-1.60376393e-02  1.82369713e+00]
 [ 2.76243252e-02 -2.98097813e-01]
 [-3.44004094e-02  7.18725210e-01]
 [-4.15229192e-01  2.47849818e+00]
 [-2.24523687e-01 -1.58048433e-01]
 [-5.28763524e-01  1.88290343e+00]
 [ 2.35983952e-02  1.81303094e+00]
 [ 3.91885225e-01  2.60250243e-01]
 [ 2.53218775e-01  2.36710442e+00]
 [-2.09300386e-01  2.22298970e+00]
 [-1.78260355e-01  1.94152031e+00]
 [-1.19778443e-01  1.87214866e-01]
 [-4.55876825e-01 -1.75368048e-01]
 [-1.19845538e-01  6.52151627e-02]
 [-1.56384287e-01  2.90066033e-01]
 [-5.85757883e-01  2.01025905e+00]
 [ 1.65299857e-01  1.40314980e+00]
 [ 1.22084334e-01  2.11910725e+00]
 [ 1.65600910e-01 -4.85101088e-02]
 [-4.39658514e-01  2.16959896e+00]
 [-7.17842287e-03  1.93657576e+00]
 [-6.73099165e-01  1.39559668e+00]
 [-5.02576251e-01  2.35484420e+00]
 [ 3.93963595e-01  2.17940988e+00]
 [-5.07924794e-01 -2.63826527e-01]
 [-1.95364133e-01  2.94850602e-02]
 [-5.75468165e-02  2.10524250e+00]
 [ 2.16532807e-01  2.41152054e+00]
 [-4.99215931e-01  3.48025227e-02]
 [-3.15671854e-01  9.29626147e-02]
 [ 6.55411009e-02  2.11332034e-01]
 [-9.70669624e-02  1.92175371e+00]
 [-4.20032494e-01  1.16236107e+00]
 [ 4.51744960e-01  1.50992280e-01]
 [ 8.23505694e-02  1.81087111e+00]
 [ 2.11518581e-01  7.32607384e-02]
 [ 1.48111837e-01  1.70000405e-01]
 [ 2.58949324e-01 -1.24629258e-01]
 [-2.13677042e-01 -5.16426525e-01]
 [-3.80172089e-01  6.78940593e-01]
 [ 1.93647215e-02 -3.93496019e-02]
 [-2.71075874e-01  2.89253000e-01]
 [-3.52098772e-01  2.22321747e+00]
 [ 5.04090450e-02  6.16832489e-02]
 [-2.16516789e-01  6.31845876e-01]
 [ 4.04997302e-02 -4.15279298e-02]
 [-2.04948859e-01 -2.18302329e-01]
 [ 2.94709516e-01  2.47121058e+00]
 [-3.90653601e-01  2.37116754e+00]
 [ 3.79837513e-01 -5.07581339e-01]
 [-3.44611317e-01  2.76618615e-01]
 [-2.62753424e-01  4.11046308e-01]
 [-1.30161198e-01  4.41971881e-03]
 [ 5.19976447e-01  2.07628038e+00]
 [-1.07928467e-01 -1.62000041e-01]
 [-3.26725364e-01 -3.25397450e-02]
 [ 2.13772495e-01  3.12917989e-01]
 [-3.96603442e-03  2.25673667e+00]
 [-1.95478244e-01  1.23856822e+00]
 [-1.06165943e-01 -5.40828885e-01]
 [ 9.94316352e-02  1.48647174e-01]
 [-4.28288617e-01  2.90327591e-01]
 [ 2.01588439e-01  2.41014285e+00]
 [ 1.67423885e-01  2.11566726e+00]
 [ 6.14181998e-01  1.91152805e-01]
 [ 2.00491489e-01  3.70237443e-01]
 [ 4.51395218e-01  1.76416236e+00]
 [-5.77914858e-02  1.83377742e+00]
 [ 5.24005584e-01  2.41826164e+00]
 [-5.85552896e-01  1.79235135e+00]
 [ 4.20430677e-01  2.30622289e+00]
 [ 1.38350205e-01  2.66052427e+00]
 [-7.57930033e-02 -6.22601570e-02]
 [-4.79772889e-01 -4.78333933e-02]
 [-5.46763635e-01  2.11832915e+00]
 [ 1.47816379e-01  1.72295947e+00]
 [ 2.62076888e-02 -1.60338306e-01]
 [-1.72405536e-02  6.02876611e-01]
 [ 5.97244012e-01  1.84614564e+00]
 [ 1.01343339e+00  1.45161316e+00]
 [-1.95280570e-01  1.86367169e+00]
 [-4.15368394e-01 -3.25690511e-02]
 [-5.62480251e-02 -1.08454044e-01]
 [ 4.14240258e-01 -5.78057759e-01]
 [ 2.94302378e-01  1.54321221e+00]
 [-8.70861384e-03 -2.30721837e-01]
 [ 1.95497923e-01 -1.18764767e-01]
 [ 1.51245590e-01  4.50358551e-01]
 [ 4.98835021e-01  2.12554130e+00]
 [-2.96631036e-01  2.06669742e-01]
 [-4.22772202e-01  4.13229500e-02]
 [ 6.64172416e-02  2.69388176e+00]
 [ 1.26454057e-01 -1.52871528e-01]
 [ 2.85836288e-01  1.64654904e+00]
 [-2.77372762e-01  5.14016694e-01]
 [-1.22336809e-01 -1.77983998e-01]
 [ 1.63801757e-01 -9.13661523e-02]
 [ 3.68800134e-01 -1.16051895e-01]
 [ 5.99127381e-01  2.27316547e+00]
 [ 6.61577091e-01  1.94995430e+00]
 [-1.95971812e-03  2.24717152e+00]
 [-1.09244888e-01  2.81293809e+00]
 [ 2.43403960e-01  1.16967687e-01]
 [-9.65436025e-01  2.66404067e+00]
 [ 3.12706107e-01 -1.41029015e-01]
 [-7.02711923e-02 -1.16994403e-01]
 [-1.60392847e-02  1.51557792e+00]
 [-6.92307944e-01  1.98928916e+00]
 [ 9.38762275e-02  2.14191502e+00]
 [-3.18520157e-02  2.45006968e+00]
 [ 2.86793213e-02 -6.05060836e-02]
 [-9.00563622e-02  3.65196737e-01]
 [-2.12512868e-02  1.30510386e+00]
 [ 3.17251303e-01  1.54373714e+00]
 [ 2.20916197e-02  2.31400340e+00]
 [ 3.00437024e-01  1.92318898e+00]
 [ 3.02035823e-01 -6.61098520e-01]
 [ 8.71429794e-02  1.97794777e+00]
 [ 5.94846850e-01  1.66421131e+00]
 [ 3.91295101e-01  1.45943240e+00]
 [-3.25686055e-01 -1.97994946e-01]
 [ 5.56302710e-01  2.20797245e+00]
 [ 3.96008520e-01 -2.74488733e-01]
 [ 2.87123620e-01  2.84056836e-01]
 [-5.27535119e-01  2.43428961e+00]
 [ 2.15804923e-01  2.00336860e+00]
 [ 1.82560233e-01  1.61582742e+00]
 [ 2.63471335e-01  1.14688381e+00]
 [-3.14475994e-01 -3.81996746e-02]
 [ 2.91355586e-01  2.29727539e+00]
 [ 1.52926029e-01  2.72796376e+00]
 [-9.33169955e-02  4.36298695e-01]
 [ 2.87193412e-01  1.78287348e+00]
 [-2.51804941e-01  4.48397911e-01]
 [-7.43962661e-01 -2.21491270e-01]
 [ 2.73334673e-01  1.90385178e+00]
 [ 4.25257616e-01  2.08156333e+00]]

Data For Ys:
[0 1 0 1 0 0 0 1 1 0 0 0 1 0 1 0 1 0 1 0 0 1 0 1 0 0 0 0 1 0 0 1 1 0 0 1 1
 1 1 1 0 0 1 0 1 1 1 1 1 0 0 1 1 0 1 1 1 0 0 1 0 1 0 1 0 0 1 0 1 1 0 1 1 1
 0 0 0 0 1 1 1 0 1 1 1 1 1 0 0 1 1 0 0 0 1 1 0 1 0 0 0 0 0 0 0 1 0 0 0 0 1
 1 0 0 0 0 1 0 0 0 1 1 0 0 0 1 1 0 0 1 1 1 1 1 1 0 0 1 1 0 0 1 1 1 0 0 0 1
 0 0 0 1 0 0 1 0 1 0 0 0 0 1 1 1 1 0 1 0 0 1 1 1 1 0 0 1 1 1 1 0 1 1 1 0 1
 0 0 1 1 1 1 0 1 1 0 1 0 0 1 1]


Xs Data idx pos 0:
[[ 0.050203    0.14851975 -0.05659077 -0.20195319  0.47855688  0.51572291
  -0.11186353  0.03108312 -0.15199939  0.29260301  0.08498193  0.41825623
  -0.2134728   0.44637391 -0.6861592  -0.05242029 -0.07988566  0.29809945
   0.28874116  0.41097104  0.45675233 -0.27360137  0.05727724  0.38672452
   0.236697    0.40832071 -0.18908431 -0.04258473 -0.2142754   0.13078365
   0.08344114 -0.01603764 -0.41522919 -0.52876352  0.0235984   0.25321878
  -0.20930039 -0.17826036 -0.58575788  0.16529986  0.12208433 -0.43965851
  -0.00717842 -0.67309917 -0.50257625  0.3939636  -0.05754682  0.21653281
  -0.09706696 -0.42003249  0.08235057 -0.35209877  0.29470952 -0.3906536
   0.51997645 -0.00396603 -0.19547824  0.20158844  0.16742389  0.45139522
  -0.05779149  0.52400558 -0.5855529   0.42043068  0.13835021 -0.54676364
   0.14781638  0.59724401  1.01343339 -0.19528057  0.29430238  0.49883502
   0.06641724  0.28583629  0.59912738  0.66157709 -0.00195972 -0.10924489
  -0.96543603 -0.01603928 -0.69230794  0.09387623 -0.03185202 -0.02125129
   0.3172513   0.02209162  0.30043702  0.08714298  0.59484685  0.3912951
   0.55630271 -0.52753512  0.21580492  0.18256023  0.26347134  0.29135559
   0.15292603  0.28719341  0.27333467  0.42525762]]



Xs Data idx pos 1:
[[2.39963122 2.71372318 2.24266326 2.10546525 1.013836   2.30610092
  1.52159656 2.01949847 2.30725862 1.80317216 1.78036769 1.71524172
  2.12568945 1.97093105 2.45815009 1.71497561 2.41446967 2.56737675
  2.27098954 2.16547075 2.10596904 2.33276851 1.9553442  2.38194204
  1.92008245 1.56743014 2.67143549 1.94922871 1.41587688 2.16054994
  2.07610361 1.82369713 2.47849818 1.88290343 1.81303094 2.36710442
  2.2229897  1.94152031 2.01025905 1.4031498  2.11910725 2.16959896
  1.93657576 1.39559668 2.3548442  2.17940988 2.1052425  2.41152054
  1.92175371 1.16236107 1.81087111 2.22321747 2.47121058 2.37116754
  2.07628038 2.25673667 1.23856822 2.41014285 2.11566726 1.76416236
  1.83377742 2.41826164 1.79235135 2.30622289 2.66052427 2.11832915
  1.72295947 1.84614564 1.45161316 1.86367169 1.54321221 2.1255413
  2.69388176 1.64654904 2.27316547 1.9499543  2.24717152 2.81293809
  2.66404067 1.51557792 1.98928916 2.14191502 2.45006968 1.30510386
  1.54373714 2.3140034  1.92318898 1.97794777 1.66421131 1.4594324
  2.20797245 2.43428961 2.0033686  1.61582742 1.14688381 2.29727539
  2.72796376 1.78287348 1.90385178 2.08156333]]



Xs Data idx neg 0:
[[ 0.04217987  0.12368732 -0.35459586  0.15735849  0.05456135  0.73806785
  -0.38752296 -0.15915687 -0.2652729  -0.3565215  -0.10373748 -0.23343383
  -0.29016093 -0.09862505  0.03840201 -0.18592638 -0.40862267 -0.44665012
   0.43340546 -0.58018006  0.76059682 -0.1605354   0.02566265  0.13367761
   0.3897796  -0.05081987  0.75833102  0.10406951  0.53937158 -0.15896991
  -0.19628042 -0.25147993  0.02762433 -0.03440041 -0.22452369  0.39188522
  -0.11977844 -0.45587683 -0.11984554 -0.15638429  0.16560091 -0.50792479
  -0.19536413 -0.49921593 -0.31567185  0.0655411   0.45174496  0.21151858
   0.14811184  0.25894932 -0.21367704 -0.38017209  0.01936472 -0.27107587
   0.05040905 -0.21651679  0.04049973 -0.20494886  0.37983751 -0.34461132
  -0.26275342 -0.1301612  -0.10792847 -0.32672536  0.2137725  -0.10616594
   0.09943164 -0.42828862  0.614182    0.20049149 -0.075793   -0.47977289
   0.02620769 -0.01724055 -0.41536839 -0.05624803  0.41424026 -0.00870861
   0.19549792  0.15124559 -0.29663104 -0.4227722   0.12645406 -0.27737276
  -0.12233681  0.16380176  0.36880013  0.24340396  0.31270611 -0.07027119
   0.02867932 -0.09005636  0.30203582 -0.32568605  0.39600852  0.28712362
  -0.31447599 -0.093317   -0.25180494 -0.74396266]]



Xs Data idx neg 1:
[[-0.19421329 -0.50130628 -0.3992115  -0.32705122 -0.55199652 -0.43593049
  -0.21892744  0.36179889 -0.06755047  0.10031627  0.19901082  0.20861362
  -0.32667756  0.2448414  -0.28123347  0.16473495 -0.09422738 -0.21557296
  -0.18174275 -0.02194493  0.13016961 -0.12407203 -0.653975    0.32657362
  -0.54297818 -0.40282099 -0.04351062  0.35761163 -0.19646186  0.03276886
  -0.14471246 -0.19327345 -0.29809781  0.71872521 -0.15804843  0.26025024
   0.18721487 -0.17536805  0.06521516  0.29006603 -0.04851011 -0.26382653
   0.02948506  0.03480252  0.09296261  0.21133203  0.15099228  0.07326074
   0.1700004  -0.12462926 -0.51642652  0.67894059 -0.0393496   0.289253
   0.06168325  0.63184588 -0.04152793 -0.21830233 -0.50758134  0.27661862
   0.41104631  0.00441972 -0.16200004 -0.03253975  0.31291799 -0.54082888
   0.14864717  0.29032759  0.19115281  0.37023744 -0.06226016 -0.04783339
  -0.16033831  0.60287661 -0.03256905 -0.10845404 -0.57805776 -0.23072184
  -0.11876477  0.45035855  0.20666974  0.04132295 -0.15287153  0.51401669
  -0.177984   -0.09136615 -0.1160519   0.11696769 -0.14102902 -0.1169944
  -0.06050608  0.36519674 -0.66109852 -0.19799495 -0.27448873  0.28405684
  -0.03819967  0.43629869  0.44839791 -0.22149127]]